4294967279,89
4294967279,87
4294967279,86
4294967279,85
4294967279,84
4294967279,83
4294967279,82
4294967279,81
4294967279,80
4294967279,79
4294967279,78
4294967279,77
4294967279,76
4294967293,131
4294967293,130
4294967293,129
4294967293,128
4294967293,127
4294967293,126
4294967293,125
4294967293,124
4294967293,123
4294967293,122
4294967293,121
4294967293,120
4294967293,119
4294967293,118
4294967293,117
4294967293,116
4294967293,115
4294967293,114
4294967293,113
4294967293,112
4294967293,111
4294967293,110
4294967293,109
4294967293,108
4294967293,107
4294967293,106
4294967293,105
4294967293,104
4294967293,103
4294967293,102
4294967293,101
4294967293,100
4294967293,99
4294967293,98
4294967293,97
4294967293,96
4294967293,95
4294967293,94
4294967293,93
4294967293,92
4294967293,91
4294967293,90
4294967293,89
4294967293,87
4294967293,86
4294967293,85
4294967293,84
4294967293,83
4294967293,82
4294967293,81
4294967293,80
4294967293,79
4294967293,78
4294967293,77
4294967293,76
4294967293,75
4294967293,74
4294967293,73
4294967293,72
4294967293,71
4294967293,70
4294967293,69
4294967293,68
4294967293,67
4294967293,66
4294967293,65
4294967293,64
4294967293,63
4294967293,62
4294967293,61
4294967293,60
4294967293,59
4294967293,58
4294967293,57
4294967293,56
4294967293,55
4294967293,54
4294967293,53
4294967293,52
4294967293,51
4294967293,50
4294967293,49
4294967293,48
4294967293,47
4294967293,46
4294967293,45
4294967293,44
4294967293,43
4294967293,42
4294967293,41
4294967293,40
4294967293,39
4294967293,38
4294967293,37
4294967293,36
4294967293,35
4294967293,34
4294967293,33
4294967293,32
4294967293,31
4294967293,30
4294967293,29
4294967293,28
4294967293,27
4294967293,26
4294967293,25
4294967293,24
4294967293,23
4294967293,22
4294967293,21
4294967293,20
4294967293,19
4294967293,18
4294967293,17
4294967293,16
4294967293,15
4294967293,14
4294967293,13
4294967293,12
4294967293,11
4294967293,10
4294967293,9
4294967293,8
4294967293,7
4294967293,6
4294967293,5
4294967293,4
4294967293,3
4294967278,6
4294967278,5
4294967278,4
4294967279,132
4294967279,131
4294967279,129
4294967279,128
4294967279,127
4294967279,126
4294967279,251
4294967279,124
4294967279,319
4294967279,123
4294967279,122
4294967279,318
4294967279,121
4294967279,545
4294967279,120
4294967279,246
4294967279,119
4294967279,244
4294967279,118
4294967279,242
4294967279,117
4294967279,240
4294967279,116
4294967279,115
4294967279,238
4294967279,114
4294967279,317
4294967279,113
4294967279,234
4294967279,112
4294967279,232
4294967279,111
4294967279,230
4294967279,110
4294967279,228
4294967279,109
4294967279,226
4294967279,108
4294967279,224
4294967279,107
4294967279,106
4294967279,105
4294967279,104
4294967279,103
4294967279,102
4294967279,101
4294967279,100
4294967279,99
4294967279,98
4294967279,97
4294967279,96
4294967279,95
4294967279,94
4294967279,93
4294967279,92
4294967279,91
4294967279,90
4294967279,300
4294967278,308
4294967294,1416
4294967279,169
4294967278,304
4294967279,164
4294967278,299
4294967279,160
73,6
4294967279,159
73,5
73,4
73,3
73,2
73,1
4294967279,156
4294967278,157
4294967279,291
4294967278,363
4294967279,533
4294967278,154
4294967278,153
4294967278,152
4294967278,151
4294967279,150
4294967278,149
4294967279,146
4294967278,148
4294967278,147
4294967279,145
4294967278,145
4294967278,144
4294967278,293
4294967278,143
4294967278,142
4294967278,141
70,4
4294967279,140
70,3
70,2
70,1
4294967278,140
4294967279,139
4294967278,139
4294967278,138
4294967279,272
69,4
4294967278,277
69,3
69,2
69,1
4294967279,136
4294967278,136
4294967279,135
4294967294,1417
4294967278,133
4294967279,134
4294967278,289
4294967278,340
68,6
4294967279,283
4294967278,276
4294967278,339
4294967278,288
68,5
4294967279,279
4294967278,274
68,4
4294967278,273
68,3
68,2
68,1
4294967278,283
4294967279,277
4294967278,270
4294967279,265
4294967278,267
4294967279,264
4294967278,338
4294967278,282
4294967279,263
67,5
4294967278,281
4294967278,265
67,4
4294967279,275
67,3
67,2
67,1
4294967278,337
4294967279,258
4294967278,264
4294967294,395
4294967294,398
4294967294,167
4294967294,168
4294967294,118
4294967294,113
4294967294,466
4294967294,410
4294967294,418
4294967278,285
4294967278,263
4294967279,274
4294967278,262
66,5
4294967278,278
4294967279,253
66,4
66,3
66,2
66,1
4294967278,387
4294967279,520
4294967279,519
4294967279,130
4294967279,517
4294967279,518
4294967278,331
4294967279,546
65,5
4294967279,125
65,4
65,3
65,2
65,1
4294967278,386
4294967279,323
4294967278,253
4294967278,249
4294967278,245
4294967278,241
4294967278,239
4294967278,234
4294967278,231
4294967294,1010
4294967294,1012
4294967294,998
4294967294,196
4294967278,223
4294967278,225
4294967278,20
4294967278,19
4294967278,18
4294967278,17
4294967278,16
4294967278,15
4294967278,14
4294967278,13
4294967278,12
4294967278,11
4294967278,10
4294967278,9
4294967278,8
4294967278,7
4294967278,55
4294967278,54
4294967278,51
4294967278,50
4294967278,49
4294967278,48
4294967278,46
4294967278,45
4294967278,44
4294967278,43
4294967278,42
4294967278,41
4294967278,297
4294967278,40
4294967278,347
4294967278,39
4294967278,38
4294967278,37
4294967278,36
4294967278,35
4294967278,361
4294967278,34
4294967278,33
4294967278,32
4294967278,31
4294967278,30
4294967278,292
4294967278,29
4294967278,291
4294967278,28
4294967278,343
4294967278,27
4294967278,342
4294967278,26
4294967278,137
4294967278,25
4294967278,290
4294967278,24
4294967278,341
